Unsorted array: 
31 38 86 291 326 721 724 771 903 979 Sorted array: 
31 38 86 291 326 721 724 771 903 979 
Unsorted array: 
61 67 113 253 400 410 602 794 810 826 Sorted array: 
61 67 113 253 400 410 602 794 810 826 
Unsorted array: 
224 365 374 388 400 605 709 797 923 971 Sorted array: 
224 365 374 388 400 605 709 797 923 971 
Unsorted array: 
151 364 392 446 683 824 883 3 819 970 Sorted array: 
3 151 364 392 683 446 819 824 883 970 
Unsorted array: 
85 139 181 181 330 336 502 519 780 925 Sorted array: 
85 139 181 181 330 336 502 519 780 925 
Unsorted array: 
376 406 439 470 529 570 721 731 890 989 Sorted array: 
376 406 439 470 529 570 721 731 890 989 
Unsorted array: 
236 249 287 385 449 497 555 666 796 943 Sorted array: 
236 249 287 385 449 497 555 666 796 943 
Unsorted array: 
28 46 278 520 641 691 837 902 923 998 Sorted array: 
28 46 278 520 641 691 837 902 923 998 
Unsorted array: 
14 220 380 441 478 611 672 774 875 956 Sorted array: 
14 220 380 441 478 611 672 774 875 956 
Unsorted array: 
222 253 386 441 493 642 791 848 951 958 Sorted array: 
222 253 386 441 493 642 791 848 951 958 
Unsorted array: 
163 302 467 633 667 674 798 808 975 991 Sorted array: 
163 302 467 633 667 674 798 808 975 991 
Unsorted array: 
50 175 228 309 371 425 573 645 839 846 Sorted array: 
50 175 228 309 371 425 573 645 839 846 
Unsorted array: 
77 190 253 255 280 408 472 492 732 925 Sorted array: 
77 190 253 255 280 408 472 492 732 925 
Unsorted array: 
323 386 411 712 778 803 817 876 919 943 Sorted array: 
323 386 411 712 778 803 817 876 919 943 
Unsorted array: 
50 118 212 543 555 616 649 682 797 825 Sorted array: 
50 118 212 543 555 616 649 682 797 825 
Unsorted array: 
213 243 348 352 549 593 597 655 810 907 Sorted array: 
213 243 348 352 549 593 597 655 810 907 
Unsorted array: 
246 334 462 497 548 629 761 804 922 932 Sorted array: 
246 334 462 497 548 629 761 804 922 932 
Unsorted array: 
38 128 273 279 340 365 604 683 883 917 Sorted array: 
38 128 273 279 340 365 604 683 883 917 
Unsorted array: 
22 229 231 395 465 575 602 633 706 991 Sorted array: 
22 229 231 395 465 575 602 633 706 991 
Unsorted array: 
65 99 209 245 268 276 497 622 630 759 Sorted array: 
65 99 209 245 268 276 497 622 630 759 
Unsorted array: 
3 7 11 23 27 30 39 45 68 73 88 97 107 128 140 186 202 216 224 243 265 290 294 347 358 361 412 420 426 435 461 467 494 512 535 555 574 576 580 581 584 616 618 628 645 652 671 700 726 727 770 808 818 828 834 844 884 915 934 945 996 41 69 148 301 530 592 652 759 765 912 932 966 50 64 73 110 141 169 247 272 314 345 356 384 399 448 458 498 510 579 727 741 749 797 799 883 890 902 964 Sorted array: 
3 7 11 23 27 30 39 45 41 69 73 50 73 88 68 64 97 110 107 148 140 169 186 141 128 202 224 216 243 247 265 290 294 272 314 345 301 361 384 347 399 412 356 426 435 420 458 467 448 358 494 498 461 530 535 510 555 576 512 579 580 574 584 592 581 616 628 618 645 671 652 700 727 652 727 749 759 726 765 770 741 797 808 799 828 834 818 883 884 844 890 915 902 932 945 912 966 996 934 964 
Unsorted array: 
222 257 340 474 478 503 513 657 779 793 965 13 24 26 32 58 75 78 86 95 98 104 106 109 144 144 176 180 183 184 192 195 196 197 198 207 228 243 244 262 278 281 281 283 294 301 316 329 346 357 366 379 407 409 418 442 450 454 456 478 484 500 510 526 527 540 547 549 549 560 565 571 594 603 616 620 647 659 703 704 709 713 718 725 800 801 828 851 889 895 897 902 919 921 929 963 979 260 872 981 Sorted array: 
24 26 13 58 75 32 86 95 78 98 104 106 144 176 109 183 184 180 195 196 192 198 207 197 144 222 243 228 244 257 262 260 278 281 281 283 301 294 316 340 329 366 346 379 409 407 418 450 442 357 454 474 456 478 478 500 484 510 503 513 526 527 540 547 549 549 560 565 571 594 603 620 647 659 616 657 703 709 704 713 725 718 793 779 800 801 828 851 889 872 897 902 895 921 929 919 965 979 963 981 
Unsorted array: 
45 45 47 62 80 82 97 111 120 133 145 159 162 162 174 202 206 225 251 292 303 332 347 356 361 368 369 419 462 482 485 487 487 500 539 545 651 666 670 678 693 698 718 726 726 729 737 737 760 773 786 788 789 810 812 818 821 826 837 838 841 846 859 863 869 896 903 904 951 976 978 987 990 994 22 40 50 98 169 339 352 366 407 540 544 545 567 580 597 648 675 705 712 727 780 857 859 867 878 944 Sorted array: 
40 45 47 45 50 82 62 80 98 97 22 111 120 145 159 162 162 174 169 202 225 206 251 303 133 292 332 352 339 347 356 366 368 419 369 407 485 462 482 500 487 487 540 539 544 567 545 545 648 361 580 597 651 666 670 678 675 693 712 698 705 718 726 726 729 727 737 760 737 780 789 786 788 818 773 810 812 837 821 826 846 838 841 857 859 859 869 863 867 878 896 903 904 951 976 978 987 990 994 944 
Unsorted array: 
11 16 21 29 29 83 93 104 105 114 118 168 186 193 259 259 311 317 324 329 350 350 398 414 489 496 506 518 530 531 539 564 572 578 607 618 697 829 873 891 905 916 916 925 929 936 937 41 64 130 157 248 249 283 387 450 479 503 543 598 599 613 615 615 618 688 691 719 745 767 855 882 937 0 22 92 199 239 275 339 433 553 560 565 619 676 715 731 735 746 760 795 899 901 924 957 974 979 980 996 Sorted array: 
0 11 16 29 29 21 41 92 64 93 83 22 104 118 105 157 186 168 193 199 239 248 259 249 114 275 283 259 311 324 317 329 339 350 350 387 414 398 479 433 496 503 450 506 530 518 531 553 539 130 560 564 543 572 598 565 599 607 578 615 615 613 618 619 618 676 688 697 691 731 715 735 745 719 489 760 767 746 795 829 855 873 882 891 901 905 899 916 924 916 925 929 936 937 937 957 974 979 980 996 
Unsorted array: 
10 14 15 36 48 49 89 120 128 129 131 148 155 156 176 176 202 207 217 258 262 267 271 304 318 318 324 338 364 381 383 405 442 469 470 471 480 487 538 561 591 595 622 641 652 664 667 675 713 717 722 729 759 802 805 830 840 845 854 854 859 876 880 880 881 884 896 914 953 960 977 1 21 59 64 70 131 217 274 381 406 416 449 589 590 593 638 644 667 674 702 706 719 791 824 858 887 929 950 954 Sorted array: 
1 10 15 14 21 49 36 48 59 70 89 64 128 129 148 131 131 176 155 156 207 176 202 217 120 217 258 262 267 271 304 274 318 338 324 364 383 381 381 406 405 416 469 442 449 480 470 471 561 318 487 538 589 590 591 622 593 595 638 641 644 664 652 667 674 667 675 713 702 706 719 722 729 759 717 791 802 830 805 824 854 840 845 858 854 859 876 880 880 881 884 887 914 896 929 950 953 960 977 954 
Unsorted array: 
7 51 53 112 119 135 146 163 182 200 236 243 260 263 267 269 282 289 292 294 311 316 343 354 368 378 391 392 396 404 424 425 438 447 447 453 453 456 489 493 501 511 517 522 546 554 564 584 600 606 613 631 651 653 660 685 711 767 768 787 796 816 823 848 853 871 902 913 932 943 946 947 950 958 968 64 210 319 346 373 399 411 493 505 533 563 571 585 595 663 679 687 705 759 815 840 845 951 962 983 Sorted array: 
7 51 53 64 112 135 119 146 182 163 200 243 210 236 267 260 263 289 269 282 311 292 294 319 368 316 343 354 346 373 392 378 391 399 396 404 424 411 425 447 438 447 453 453 456 493 489 493 505 606 501 511 517 522 533 554 546 563 571 564 584 600 585 595 651 613 631 663 653 660 685 679 687 705 968 711 759 768 767 787 816 796 815 840 823 845 853 848 871 913 902 932 946 943 947 958 950 951 962 983 
Unsorted array: 
21 25 41 67 73 246 275 278 320 323 331 365 434 437 437 437 450 503 521 553 561 584 599 648 653 729 804 829 900 902 921 922 943 947 955 230 305 448 508 627 763 953 40 66 71 113 155 157 207 249 275 328 347 377 378 408 413 441 487 498 513 583 623 683 756 766 774 785 789 798 834 857 973 4 57 59 66 113 142 174 187 200 264 269 274 381 396 416 461 462 515 594 800 813 827 854 901 914 971 991 Sorted array: 
4 21 25 59 66 40 66 67 41 71 73 57 113 155 113 157 174 187 200 230 207 264 274 246 142 275 275 269 278 323 305 328 331 320 377 378 347 381 413 365 416 434 396 437 437 408 441 448 437 249 450 461 462 498 508 487 513 515 503 521 553 561 584 594 583 599 623 627 683 729 648 763 766 756 653 774 789 785 798 804 800 813 827 829 857 900 834 901 902 854 914 922 921 943 953 947 955 973 971 991 
Unsorted array: 
26 31 160 172 195 198 214 384 395 506 613 669 765 883 928 952 954 53 55 62 65 85 85 129 136 141 147 157 161 188 190 234 242 243 252 254 262 305 315 320 330 408 423 425 444 446 453 459 464 469 497 507 512 526 558 564 619 661 662 686 695 712 724 741 771 779 818 840 843 844 845 883 909 925 971 974 976 993 43 106 209 218 235 316 370 397 422 493 525 526 548 699 708 747 808 843 873 931 968 981 Sorted array: 
26 31 53 43 55 65 62 85 85 129 106 157 141 147 160 161 172 190 188 195 198 214 218 209 136 234 235 243 242 252 262 254 305 316 315 330 320 370 384 395 397 408 422 425 444 423 453 459 446 469 493 497 464 506 507 512 525 526 526 548 558 564 613 619 662 661 686 669 695 699 708 724 741 712 971 747 765 771 779 808 840 818 843 843 844 873 845 883 883 925 909 931 928 952 954 968 974 976 993 981 
Unsorted array: 
11 12 29 72 81 93 93 95 109 127 129 135 147 158 181 193 225 267 272 305 322 325 332 334 335 382 395 404 411 411 418 420 421 428 431 432 444 476 478 478 514 516 535 551 562 576 595 643 658 678 678 685 691 720 726 730 736 736 739 747 750 768 786 797 816 840 884 887 911 937 939 956 968 50 59 113 263 350 428 699 741 761 936 954 782 906 60 200 302 324 361 422 436 476 587 599 615 648 832 948 Sorted array: 
11 12 29 72 81 50 93 95 60 59 93 127 113 147 109 158 193 135 200 225 181 263 272 267 129 302 305 322 325 332 324 361 382 334 395 411 350 411 420 404 421 422 418 428 431 428 432 476 436 335 476 478 444 514 516 478 551 562 535 587 595 576 615 643 599 648 678 658 685 699 691 720 726 730 678 736 736 739 747 750 741 761 782 768 786 797 816 840 884 832 906 911 887 936 937 939 956 968 954 948 
Unsorted array: 
0 23 32 32 34 35 51 64 73 84 85 100 101 116 150 156 164 172 186 189 190 198 250 250 253 259 266 266 271 275 308 313 343 356 364 367 372 375 389 406 424 424 426 428 433 445 456 457 457 459 460 471 486 498 505 526 527 534 540 561 575 577 586 610 612 621 621 633 637 662 663 674 680 682 690 695 704 705 705 709 710 716 717 746 794 823 862 897 904 910 915 932 955 964 966 985 985 988 995 970 Sorted array: 
0 23 32 32 34 35 51 64 73 84 85 100 101 116 150 156 164 172 186 189 190 198 250 250 253 259 266 266 271 275 308 313 343 356 364 367 372 375 389 406 424 424 426 428 433 445 456 457 457 459 460 471 486 498 505 526 527 534 540 561 575 577 586 610 612 621 621 633 637 662 663 674 680 682 690 695 704 705 705 709 710 716 717 746 794 823 862 897 904 910 915 932 955 964 966 985 985 988 995 970 
Unsorted array: 
65 67 143 210 217 218 237 266 302 302 416 422 463 475 552 553 594 599 649 675 688 771 798 869 882 883 884 915 924 61 102 370 590 25 35 62 66 66 76 85 95 95 97 122 138 143 151 155 157 182 186 192 210 248 296 298 315 350 350 351 357 376 383 418 433 449 467 468 494 512 518 573 573 574 581 596 596 605 658 704 705 730 732 741 757 769 789 820 828 841 847 872 886 892 900 913 939 970 997 999 Sorted array: 
35 61 25 62 65 66 66 67 85 76 95 97 95 122 102 138 151 143 155 186 143 192 210 157 182 217 237 210 248 266 218 296 302 298 315 350 302 351 357 350 370 383 376 416 418 422 449 463 433 581 467 475 468 494 512 518 553 573 552 573 590 574 594 596 599 596 649 605 658 675 688 704 730 705 882 732 757 741 769 771 789 798 820 841 828 847 869 872 883 886 884 892 913 900 924 915 939 970 997 999 
Unsorted array: 
0 2 4 44 49 53 70 92 130 131 142 144 144 148 153 161 162 174 185 192 200 203 204 215 228 239 245 256 258 294 313 320 355 357 366 394 395 409 417 421 444 469 475 521 538 547 554 556 560 564 570 608 609 651 666 674 676 730 739 743 754 754 776 796 798 825 835 838 847 887 892 901 930 957 960 964 981 998 25 85 92 95 268 364 364 371 439 449 468 526 644 677 689 690 707 735 764 839 903 919 Sorted array: 
0 2 4 25 44 53 49 70 92 85 92 95 130 131 144 142 144 153 148 161 174 162 185 200 228 192 203 215 204 239 256 245 258 313 268 294 357 320 355 364 364 366 395 371 394 421 409 417 439 564 444 449 475 468 469 526 521 538 547 554 556 560 570 608 609 644 651 674 666 676 689 677 690 735 919 707 730 739 743 754 754 764 776 798 796 825 838 835 839 892 847 887 903 901 930 957 964 981 998 960 
Unsorted array: 
56 87 100 108 172 208 318 378 463 470 479 554 563 566 580 635 648 765 779 843 849 875 907 931 941 964 967 31 48 63 65 77 85 121 137 140 146 155 179 259 316 323 331 357 368 394 396 415 443 446 449 449 454 462 481 483 493 518 521 531 539 547 557 613 632 660 664 664 670 691 709 712 713 723 736 749 777 792 794 798 800 809 820 823 826 831 835 859 860 867 877 892 923 927 956 968 974 984 986 996 Sorted array: 
48 56 31 63 77 65 85 87 100 108 137 121 140 155 146 172 179 208 316 318 259 323 357 331 446 368 378 394 396 415 443 449 449 454 462 470 463 479 481 483 493 518 521 531 539 547 557 563 554 736 566 613 580 635 648 632 660 664 664 670 691 709 712 713 723 749 777 765 779 794 792 798 809 800 941 820 826 823 831 843 835 859 860 849 875 877 867 892 907 923 927 956 931 964 967 968 974 984 986 996 
Unsorted array: 
8 21 32 34 54 59 62 67 72 85 87 91 98 107 107 119 123 143 152 198 202 204 204 209 225 255 259 264 296 303 320 329 344 350 354 354 376 377 394 412 420 422 423 424 436 446 455 472 476 481 481 481 483 499 504 527 529 532 539 545 552 563 570 572 596 610 619 631 637 641 686 700 731 735 744 752 757 768 781 791 824 825 831 834 840 869 876 929 938 941 943 952 963 967 990 994 184 609 621 732 Sorted array: 
8 21 32 34 54 59 62 67 72 85 87 91 98 107 107 119 123 143 152 184 202 198 204 209 225 204 255 264 259 296 320 303 329 350 344 354 376 354 377 412 394 420 423 422 424 446 436 455 476 481 472 481 483 481 499 527 504 529 539 532 545 563 552 570 596 572 609 621 610 619 631 637 641 686 732 700 731 735 752 757 768 781 791 824 825 831 834 840 869 876 929 938 941 943 952 963 967 990 994 744 
Unsorted array: 
2 8 16 47 59 61 67 117 120 125 126 133 135 145 146 153 163 179 212 219 221 224 226 229 231 235 252 253 300 317 326 347 348 363 369 370 373 375 400 412 425 443 449 511 531 536 553 572 590 600 604 629 632 649 662 672 674 682 690 696 710 718 719 721 727 731 734 736 749 762 782 796 796 798 802 804 804 805 809 831 834 874 874 881 891 894 896 922 927 927 958 976 997 998 95 170 242 304 378 492 Sorted array: 
2 8 16 47 59 61 67 95 120 117 125 133 126 135 146 145 153 170 163 212 179 219 224 221 231 226 235 229 242 252 253 300 304 326 317 347 363 348 369 373 370 375 378 400 425 412 443 511 449 492 531 553 536 572 604 590 629 649 632 662 674 672 682 696 690 710 719 718 721 731 727 734 749 736 600 762 796 782 796 804 798 804 809 805 831 874 834 874 891 881 894 922 896 927 958 927 976 998 997 802 
Unsorted array: 
2 5 49 65 84 87 100 102 124 151 161 176 187 198 203 244 255 278 296 309 314 320 331 343 350 374 377 385 430 431 435 451 466 495 513 564 575 576 593 605 619 634 635 672 678 680 680 683 698 710 799 804 812 836 850 852 854 868 873 877 906 919 919 925 929 931 945 948 994 995 997 11 36 70 74 198 199 199 247 331 344 348 366 434 518 560 569 588 618 631 798 818 824 840 875 878 898 911 921 982 Sorted array: 
2 5 49 11 36 70 65 84 87 74 102 124 100 161 176 187 198 199 198 199 203 244 247 278 151 255 296 314 309 320 343 331 331 344 348 366 385 374 377 434 430 431 435 451 466 495 513 518 569 350 560 564 575 576 588 605 593 618 631 619 634 635 672 678 680 680 683 698 798 799 812 804 818 824 710 836 840 852 850 854 873 868 875 878 877 898 919 906 911 921 919 925 929 931 945 948 994 995 997 982 
Unsorted array: 
527 570 623 842 982 997 26 50 52 59 91 100 133 140 172 178 205 249 280 333 350 358 359 384 435 501 510 543 543 556 591 605 606 646 714 751 774 804 842 889 913 914 67 67 155 178 255 322 426 518 558 613 628 709 775 825 896 965 998 999 8 23 37 83 88 116 138 141 217 228 236 262 290 352 363 385 419 426 432 481 504 508 538 545 568 590 614 616 640 658 701 746 792 816 846 876 915 927 988 994 Sorted array: 
8 26 23 37 50 52 59 67 67 83 91 88 116 133 100 138 140 141 155 178 172 205 217 178 363 228 255 236 262 280 249 290 322 350 333 358 352 359 385 384 419 432 426 481 501 426 508 510 504 435 527 538 543 543 556 545 558 568 591 570 590 614 605 606 623 613 616 628 640 701 646 709 714 658 518 746 751 774 775 804 792 816 842 825 842 846 876 896 913 889 914 915 988 927 965 997 982 999 998 994 
Unsorted array: 
1 5 34 72 77 78 94 129 140 150 150 184 198 210 241 248 258 280 287 320 330 371 408 420 441 523 533 539 556 565 662 663 683 697 698 700 700 740 766 767 797 799 830 841 852 881 885 896 913 918 925 938 940 965 967 978 979 990 65 72 85 99 120 123 126 161 162 181 197 201 215 220 237 245 256 261 276 324 371 405 453 501 506 513 516 527 532 543 553 567 718 746 751 820 895 911 941 948 967 978 Sorted array: 
1 5 34 72 72 65 77 85 78 94 99 120 123 129 126 150 150 140 161 162 181 197 198 184 256 201 210 215 220 237 241 248 258 245 261 276 280 287 320 324 371 371 330 405 408 420 501 506 453 441 516 523 513 527 533 532 543 553 539 556 565 567 663 683 662 698 700 697 718 740 700 746 766 751 918 797 799 767 820 841 830 852 885 881 895 896 911 925 938 913 941 948 940 965 967 967 979 990 978 978 
Unsorted array: 
175 274 485 499 510 553 574 598 667 706 721 803 804 847 853 908 963 10 52 86 153 227 281 351 357 405 411 456 475 543 545 565 582 661 683 687 690 695 734 752 801 848 912 933 34 51 84 211 218 234 247 302 314 320 347 475 498 610 618 635 751 754 793 802 818 857 866 868 903 913 952 985 91 157 182 193 247 268 304 335 379 460 471 576 612 631 653 749 783 950 994 10 30 86 143 529 825 863 932 980 Sorted array: 
10 34 10 52 84 30 86 86 51 91 143 153 175 193 157 211 227 218 247 247 268 274 281 314 182 302 304 351 320 335 379 347 405 456 411 460 475 471 475 485 498 499 529 510 543 545 565 574 553 234 582 598 576 610 612 618 631 635 653 683 687 661 695 706 667 721 734 690 749 751 752 783 793 754 357 801 802 803 804 825 818 847 848 853 857 863 868 866 903 912 908 913 932 933 963 950 985 994 952 980 
